Answers to Problem Using 5 deifferent methods

Matrix:
0.532203 1.000000 0.500420 0.999999 1.000000
0.532203 0.000000 0.477689 0.116500 0.202300
0.532203 1.000000 0.083304 0.000000 0.000000
0.532203 0.000000 0.000225 0.000000 0.000000
0.532203 0.000000 0.456081 0.999999 1.000000
0.532203 1.000000 0.435428 0.000001 0.000000
0.532203 0.000000 0.459708 1.000000 1.000000
0.532203 1.000000 0.430716 0.024901 0.188157
0.532203 0.000000 0.403431 0.000000 0.000000
0.532203 1.000000 0.452644 1.000000 1.000000


Gamma:
0.469309 0.862784 0.443899 0.419824 0.357474
